52458.655022592
52458.758802432
52458.862639616
52458.966617856
52459.070107392
52459.173892352
52459.277708288
52459.381454592
52459.485191936
52459.58897536
52459.692736256
52459.79648128
52459.900157696
52460.004010496
52460.107776768
52460.21137536
52460.3151168
52460.418858752
52460.52289664
52460.626343424
52460.7299584
52460.833701376
52460.937440512
52461.041056512
52461.144671488
52461.248407808
52461.352027648
52461.455643136
52461.559358208
52461.663121408
52461.766738176
52461.870355712
52461.97409664
52462.077856768
52462.18159616
52462.285330688
52462.388922624
52462.492546048
52462.596285184
52462.699899392
52462.803647232
52462.907281408
52463.011017984
52463.114607616
52463.21821696
52463.321969152
52463.425602048
52463.529319168
52463.633015552
52463.73667712
52463.840311808
52463.943986432
52464.047664128
52464.151261696
52464.255072256
52464.358640384
52464.46238336
52464.5659776
52464.669715456
52464.773459968
52464.87694976
52464.980690688
52465.084302848
52465.18806528
52465.291660544
52465.395398656
52465.499004672
52465.60275456
52465.70651392
52465.810251776
52465.913917184
52466.017589248
52466.121210112
52466.22496768
52466.328739072
52466.432308224
52466.536046592
52466.639701504
52466.743399936
52466.847161856
52466.950885888
52467.054545408
52467.158235392
52467.261977856
52467.365718784
52467.469456896
52467.573106688
52467.676914944
52467.780592128
52467.884191744
52467.987783936
52468.091528192
52468.195144448
52468.2988992
52468.402560512
52468.506258176
52468.609854464
52468.713494784
52468.817267712
52468.920951296
52469.024583168
52469.128353536
52469.231936
52469.335851264
52469.439381504
52469.543278848
52469.646989568
52469.750863872
52469.854619648
52469.95835648
52470.062098432
52470.165695744
52470.269307648
52470.37296384
52470.476545792
52470.58010752
52470.683666944
52470.787262976
52470.890939904
52470.994637056
52471.098256128
52471.20187008
52471.305613312
52471.409227008
52471.512844032
52471.616458752
52471.720073984
52471.823813632
52471.927429888
52472.031168
52472.134786816
52472.238401792
52472.342019072
52472.445778432
52472.549439744
52472.653566208
52472.7567872
52472.860443648
52472.96419456
52473.068229888
52473.171602688
52473.275391232
52473.378779392
52473.482435072
52473.586010624
52473.689924608
52473.793499904
52473.897174784
52474.000843008
52474.104476928
52474.208086016
52474.311818752
52474.415467776
52474.519061504
52474.622806016
52474.726420992
52474.830162176
52474.933781248
52475.037388032
52475.142329088
52475.244752128
52475.348378368
52475.451982592
52475.555738624
52475.65933696
52475.762952192
52475.867235072
52475.970322944
52476.073988608
52476.1777216
52476.281276928
52476.384996352
52476.488608
52476.592884736
52476.696928512
52476.7996672
52476.90326528
52477.006865152
52477.110657024
52477.21411456
52477.3177024
52477.421305344
52477.524906752
52477.628526592
52477.73216384
52477.835889152
52477.939579136
52478.043241472
52478.146858752
52478.250472704
52478.354090496
52478.457836032
52478.561443328
52478.665078272
52478.768670464
52478.872293632
52478.975928832
52479.079525376
52479.183137536
52479.286749696
52479.39036672
52479.494002688
52479.597599488
52479.701339136
52479.804957184
52479.9085696
52480.012191488
52480.115862784
52480.219543808
52480.323157248
52480.426812928
52480.530381568
52480.63409152
52480.737666816
52480.841234688
52480.945249792
52481.048591104
52481.152302592
52481.25587456
52481.359609856
52481.463083776
52481.566820352
52481.670388992
52481.774008064
52481.877795328
52481.981388288
52482.085056256
52482.188704512
52482.292442368
52482.396127744
52482.499701504
52482.60345344
52482.707142912
52482.810693888
52482.914433536
52483.01804672
52483.12164352
52483.225279232
52483.32887552
52483.432616192
52483.536248576
52483.639928064
52483.7433408
52483.846950912
52483.950576896
52484.054183168
52484.157801472
52484.261415424
52484.365027328
52484.468645632
52484.572260352
52484.675894784
52484.779506944
52484.883105024
52484.986702848
52485.090464
52485.194078208
52485.297695232
52485.401307904
52485.504923136
52485.608579328
52485.712284672
52485.815894016
52485.919580672
52486.023253248
52486.126867456
52486.230483456
52486.334226432
52486.437840128
52486.541580544
52486.645195264
52486.748813056
52486.852430336
52486.956062976
52487.05965824
52487.163275008
52487.266909696
52487.370628608
52487.474246912
52487.577862656
52487.68147712
52487.78509312
52487.888834816
52487.992447488
52488.096064768
52488.199681024
52488.30328704
52488.407053312
52488.510667264
52488.61414144
52488.717756672
52488.821369088
52488.925006848
52489.028607488
52489.132216832
52489.235833344
52489.339519744
52489.443210752
52489.546806272
52489.650541824
52489.754161408
52489.857777152
52489.961514496
52490.065133312
52490.168894464
52490.272490496
52490.376270592
52490.479845632
52490.583591936
52490.687240704
52490.790945024
52490.89456
52490.998352384
52491.102036992
52491.205751808
52491.30938624
52491.41312384
52491.516757504
52491.620750848
52491.72414336
52491.827892224
52491.931469568
52492.035072768
52492.138795008
52492.242608384
52492.346208768
52492.450845952
52492.553661952
52492.657399808
52492.761042176
52492.864782592
52492.968487424
52493.072111872
52493.175846912
52493.279471616
52493.38310528
52493.486844928
52493.590440448
52493.694200064
52493.797796096
52493.901537792
52494.005153792
52494.109081856
52494.212424192
52494.316133888
52494.41981824
52494.523390976
52494.627094272
52494.7308224
52494.834511872
52494.938116352
52495.041828608
52495.1455296
52495.24918528
52495.352779264
52495.45651712
52495.560200448
52495.663895808
52495.76761216
52495.871354112
52495.974999552
52496.07876736
52496.18235136
52496.286069248
52496.389684224
52496.493426176
52496.59703424
52496.700652288
52496.804268288
52496.907886592
52497.011500544
52497.11511936
52497.218733312
52497.322331136
52497.426086144
52497.529761024
52497.63332224
52497.737042432
52497.840674048
52497.944310272
52498.047904
52498.151520768
52498.255262208
52498.358875904
52498.462619392
52498.566358016
52498.669975296
52498.773714944
52498.8773248
52498.980945152
52499.084682752
52499.188298496
52499.292040448
52499.395649792
52499.499267072
52499.60301184
52499.706625792
52499.810239744
52499.9140032
52500.017595648
52500.121338368
52500.224966144
52500.328567552
52500.432307712
52500.535942656
52500.639664128
52500.743424256
52500.847020544
52500.950633216
52501.054370048
52501.157989632
52501.261624064
52501.365222144
52501.46883584
52501.572472832
52501.676188416
52501.779810304
52501.883446016
52501.987113216
52502.090658816
52502.194272256
52502.297888256
52502.401523968
52502.50511616
52502.608731136
52502.712470784
52502.81608704
52502.919702528
52503.023315712
52503.126919168
52503.23054848
52503.334165504
52503.437902592
52503.541521408
52503.645133056
52503.74875136
52503.85236864
52503.955980032
52504.059726592
52504.16334208
52504.267119616
52504.370693632
52504.474434048
52504.57805184
52504.681671424
52504.785270016
52504.888896768
52504.992547328
52505.096128512
52505.199743488
52505.303363072
52505.407107584
52505.510722048
52505.614460672
52505.718077696
52505.821565696
52505.925183744
52506.028822784
52506.132411392
52506.236048128
52506.339762688
52506.444306688
52506.547098624
52506.650885632
52506.754955264
52506.858244864
52506.961837312
52507.065447424
52507.169191424
52507.272790528
52507.376735744
52507.480187136
52507.58377216
52507.687391488
52507.791022592
52507.894500864
52507.998240512
52508.10173568
52508.20566528
52508.309163008
52508.412580864
52508.516184832
52508.619832576
52508.723550208
52508.827033856
52508.930645248
52509.034389248
52509.138000384
52509.241611776
52509.345231616
52509.448971264
52509.552588544
52509.656330752
52509.7600704
52509.863689472
52509.967493376
52510.071039232
52510.17477888
52510.278398976
52510.382139136
52510.485753856
52510.589498112
52510.693109248
52510.796850944
52510.900479488
52511.004205056
52511.107945728
52511.21170304
52511.315320576
52511.418917376
52511.52265984
52511.626272768
52511.729891584
52511.833505536
52511.937243136
52512.040862464
52512.144478464
52512.248090368
52512.351707392
52512.45531904
52512.559061248
52512.662676736
52512.766482688
52512.870034176
52512.97377408
52513.077391872
52513.18102272
52513.284746752
52513.3883904
52513.49210112
52513.595775232
52513.69933312
52513.802952448
52513.90656256
52514.010303488
52514.113922048
52514.217536
52514.32127744
52514.4248896
52514.528635136
52514.632461568
52514.735905792
52514.839487488
52514.943184896
52515.04671872
52515.150329344
52515.253944064
52515.357437952
52515.461051136
52515.564686592
52515.66840448
52515.772022272
52515.8756416
52515.9792768
52516.082743808
52516.186359552
52516.28997376
52516.39358464
52516.49720576
52516.600820992
52516.704578304
52516.808175872
52516.911859968
52517.015393024
52517.119044352
52517.222639872
52517.32637696
52517.42999424
52517.533734912
52517.637483008
52517.741093632
52517.844832512
52517.94857088
52518.05218944
52518.155931392
52518.259670784
52518.363309568
52518.467025664
52518.5707648
52518.674505728
52518.778122496
52518.881883136
52518.985480704
52519.089094656
52519.19282944
52519.296450304
52519.400192256
52519.503803136
52519.607423744
52519.711162112
52519.814777856
52519.918394112
52520.022029056
52520.1256256
52520.229240576
52520.33284992
52520.436674304
52520.540229632
52520.643903488
52520.747468288
52520.851630848
52520.954993408
52521.058420736
52521.162044928
52521.266020096
52521.369145088
52521.472777984
52521.577161472
52521.679979008
52521.783589376
52521.887207424
52521.990697472
52522.094317568
52522.197932544
52522.301545472
52522.405033216
52522.508648704
52522.612261888
52522.715757568
52522.819369216
52522.922988032
52523.026601728
52523.130219264
52523.233705984
52523.338640896
52523.440932096
52523.54461824
52523.648174848
52523.751790848
52523.855404288
52523.959149568
52524.062759424
52524.166388736
52524.269994752
52524.374353152
52524.477498624
52524.581102848
52524.684827136
52524.788446976
52524.892179968
52524.995923712
52525.099543296
52525.203299328
52525.306898176
52525.410514944
52525.514148864
52525.617743872
52525.72136064
52525.82497664
52525.9285888
52526.032236288
52526.135822336
52526.239312896
52526.342928128
52526.446542848
52526.550158592
52526.653788928
52526.75726208
52526.860881152
52526.964494848
52527.067983872
52527.171598592
52527.275218176
52527.37874176
52527.482323712
52527.585937152
52527.689437696
52527.793041408
52527.89666176
52528.00027648
52528.103913728
52528.2075776
52528.311125248
52528.414738688
52528.51835136
52528.621843968
52528.72545792
52528.829073664
52528.932680704
52529.036428288
52529.140093952
52529.243783424
52529.347399424
52529.451017216
52529.55475328
52529.658373632
52529.762240768
52529.865809664
52529.96934528
52530.073079296
52530.176822272
52530.280435456
52530.384175104
52530.487922432
52530.591510272
52530.695274752
52530.79901184
52530.902644992
52531.006368
52531.109984768
52531.213604608
52531.31733888
52531.421084928
52531.524693248
52531.628438528
52531.732178432
52531.835858432
52531.939413504
52532.043147264
52532.14676224
52532.250382336
52532.35399808
52532.457737728
52532.561351936
52532.665089024
52532.768706304
52532.87244928
52532.97606016
52533.079737344
52533.18341632
52533.287034624
52533.390774016
52533.49439104
52533.598023168
52533.701743104
52533.805362944
52533.908977664
52534.012717824
52534.116456448
52534.220090368
52534.3238144
52534.427407872
52534.531163904
52534.634780928
52534.738274048
52534.841891584
52534.945508096
52535.049124352
52535.152611328
52535.256226304
52535.359908352
52535.463474176
52535.566949632
52535.6705856
52535.7741824
52535.877794816
52535.98140928
52536.085032448
52536.188652032
52536.292290048
52536.395881472
52536.499497472
52536.603301632
52536.706852864
52536.810469888
52536.914209024
52537.01785088
52537.121440256
52537.22504832
52537.32878848
52537.432406528
52537.536053504
52537.63963392
52537.743246848
52537.846865152
52537.950621184
52538.054221824
52538.15783424
52538.261453824
52538.365065472
52538.468808704
52538.572422144
52538.676037632
52538.779653632
52538.883392768
52538.987010048
52539.090622208
52539.194366464
52539.297982976
52539.40172288
52539.505338624
52539.60908032
52539.712689152
52539.816431872
52539.92004864
52540.023790592
52540.127407104
52540.231019776
52540.334633216
52540.438128896
52540.541762816
52540.64539648
52540.748973568
52540.852631296
52540.956206336
52541.059940352
52541.163561728
52541.267174656
52541.370915584
52541.47450496
52541.578146816
52541.68188416
52541.78550272
52541.889245184
52541.992850688
52542.096623616
52542.200219648
52542.303835648
52542.407597312
52542.511314176
52542.615054336
52542.718670848
52542.822477568
52542.92602624
52543.030161664
52543.133426944
52543.237125632
52543.34074496
52543.444470016
52543.548148992
52543.65190528
52543.755553536
52543.859090432
52543.962673152
52544.06646912
52544.17006976
52544.273770752
52544.37805696
52544.481541376
52544.584793088
52544.688765696
52544.792445184
52544.895747584
52544.99952128
52545.103501568
52545.206849536
52545.310644224
52545.414353408
52545.51802752
52545.62188672
52545.725553408
52545.829127424
52545.933372928
52546.03665024
52546.140370432
52546.244005888
52546.347701504
52546.451341056
52546.555185152
52546.659876864
52546.76244096
52546.866680576
52546.969954304
52547.073548544
52547.177305088
52547.281027584
52547.384836608
52547.48848512
52547.592246272
52547.69596288
52547.799603712
52547.903192064
52548.006935808
52548.110548224
52548.214168832
52548.317782016
52548.421530368
52548.525259008
52548.62900224
52548.73261952
52548.836358912
52548.940100864
52549.043836672
52549.147456768
52549.251214592
52549.354935808
52549.458549504
52549.562296064
52549.666034944
52549.769647104
52549.87339264
52549.977126912
52550.080867072
52550.184609024
52550.288223232
52550.391967488
52550.495707648
52550.599444224
52550.70318464
52550.806925824
52550.910669824
52551.014407424
52551.118167296
52551.221910016
52551.325504768
52551.429247232
52551.532988928
52551.636749824
52551.740469248
52551.844205568
52551.947949568
52552.051565568
52552.155332864
52552.259044608
52552.362661376
52552.466402816
52552.570142464
52552.674905088
52552.77750016
52552.881288448
52552.984871424
52553.088589824
52553.192242688
52553.295821312
52553.399558912
52553.50329856
52553.606935552
52553.710662656
52553.8143936
52553.9181376
52554.02175616
52554.125510912
52554.229109248
52554.332850944
52554.436608256
52554.54020352
52554.643824384
52554.747560192
52554.851179264
52554.95479296
52555.058406656
52555.162148608
52555.265955328
52555.369503488
52555.47324288
52555.576859136
52555.68060416
52555.784342016
52555.888084736
52555.991826688
52556.09543808
52556.199181824
52556.302921216
52556.40668032
52556.510297344
52556.614016
52556.717757952
52556.82154368
52556.925110016
52557.028854528
52557.132470016
52557.236101376
52557.339825664
52557.443440128
52557.547196672
52557.650795264
52557.75453568
52557.858168576
52557.96176896
52558.06540032
52558.169014784
52558.272735488
52558.376351488
52558.48009472
52558.583710464
52558.687469824
52558.79124352
52558.894830592
52558.998556416
52559.102171136
52559.205785344
52559.309394176
52559.413010176
52559.516642816
52559.620258816
52559.723856128
52559.82747136
52559.93120896
52560.034863872
52560.138474752
52560.242058752
52560.345691904
52560.449291008
52560.552904192
52560.656645632
52560.760256768
52560.863895296
52560.967614208
52561.071233536
52561.174971904
52561.27858688
52561.382328832
52561.485944832
52561.58968192
52561.693298688
52561.79703808
52561.900696064
52562.00439552
52562.108030976
52562.211751936
52562.315367168
52562.419110656
52562.52276608
52562.626363392
52562.730082048
52562.833696256
52562.937316352
52563.041056
52563.144799488
52563.24840832
52563.352276224
52563.455890688
52563.559635456
52563.663371008
52563.76711296
52563.870850048
52563.974470144
52564.07820672
52564.181948416
52564.285711104
52564.38943232
52564.493170688
52564.596933376
52564.700653312
52564.804395776
52564.908154368
52565.01199104
52565.115766272
52565.219477248
52565.323216384
52565.426957312
52565.530766848
52565.634318592
52565.738182656
52565.841923072
52565.945537792
52566.04928128
52566.153012224
52566.256631296
52566.360415488
52566.464114176
52566.567760128
52566.671491584
52566.775213568
52566.878885888
52566.982565632
52567.086283008
52567.18994688
52567.293812992
52567.397270272
52567.500926208
52567.604788992
52567.708252416
52567.811932672
52567.915504384
52568.019406848
52568.12283776
52568.226639872
52568.330318592
52568.434053632
52568.537673472
52568.641535744
52568.74516992
52568.848876032
52568.952637184
52569.056355584
52569.160101376
52569.263872768
52569.367450112
52569.4712
52569.57495296
52569.67865984
52569.782316544
52569.88607488
52569.989744896
52570.093428224
52570.197021184
52570.300774656
52570.404390912
52570.508031232
52570.611621632
52570.715253504
52570.81883264
52570.922392576
52571.025956864
52571.12957696
52571.233173504
52571.336656384
52571.440608768
52571.54382848
52571.64741376
52571.751007488
52571.854612736
52571.958220032
52572.062313984
52572.16547072
52572.269198592
52572.372862464
52572.476598528
52572.580230912
52572.68382976
52572.787539968
52572.891156992
52572.995347456
52573.098730752
52573.20214656
52573.305877248
52573.409491968
52573.513275136
52573.616883968
52573.720608512
52573.824238336
52573.92785152
52574.031570944
52574.13524608
52574.238986752
52574.3425664
52574.446278144
52574.550057472
52574.653619712
52574.757374208
52574.86109312
52574.964837888
52575.068490496
52575.172406784
52575.276439808
52575.380462848
52575.48331776
52575.586899968
52575.691058688
52575.794236928
52575.898200064
52576.001683968
52576.105366272
52576.209043968
52576.312736768
52576.416445696
52576.520057344
52576.623681792
52576.72735616
52576.831046144
52576.93462912
52577.038806784
52577.142527488
52577.24647936
52577.34926976
52577.453031936
52577.556640256
52577.660325376
52577.764103168
52577.867808512
52577.97192832
52578.07551744
52578.178777088
52578.282419456
52578.3861504
52578.489749248
52578.594310656
52578.696986112
52578.80087168
52578.9043392
52579.008368128
52579.111618816
52579.215219712
52579.318917376
52579.422558208
52579.526329088
52579.629937408
52579.733660416
52579.83730304
